avg_thruput: 66.9985074627 27.0592039801 66.4445121951 
avg_rtt: 56.5158698272 126.828099839 111.123790323
