avg_thruput: 58.6262195122 36.5776119403 
avg_rtt: 55.678193269 120.942845881
