avg_thruput: 68.4613861386 27.3154 67.8662650602 
avg_rtt: 58.3169553327 130.932481752 113.463013699
7916