avg_thruput: 57.443902439 35.7537313433 
avg_rtt: 57.4516167192 122.38097118

