avg_thruput: 68.2285 27.4517412935 67.45 
avg_rtt: 56.073223605 127.517490953 111.779340836
