avg_thruput: 62.2204819277 32.6987951807 
avg_rtt: 57.2226876091 122.895678743
